Daily Confirmed,Daily Deaths,Daily Recovered,Date,Total Confirmed,Total Deaths,Total Recovered,Total Active
1,0,0,30 January ,1,0,0,1
0,0,0,31 January ,1,0,0,1
0,0,0,01 February ,1,0,0,1
1,0,0,02 February ,2,0,0,2
1,0,0,03 February ,3,0,0,3
0,0,0,04 February ,3,0,0,3
0,0,0,05 February ,3,0,0,3
0,0,0,06 February ,3,0,0,3
0,0,0,07 February ,3,0,0,3
0,0,0,08 February ,3,0,0,3
0,0,0,09 February ,3,0,0,3
0,0,0,10 February ,3,0,0,3
0,0,0,11 February ,3,0,0,3
0,0,0,12 February ,3,0,0,3
0,0,1,13 February ,3,0,1,2
0,0,0,14 February ,3,0,1,2
0,0,0,15 February ,3,0,1,2
0,0,1,16 February ,3,0,2,1
0,0,0,17 February ,3,0,2,1
0,0,0,18 February ,3,0,2,1
0,0,0,19 February ,3,0,2,1
0,0,1,20 February ,3,0,3,0
0,0,0,21 February ,3,0,3,0
0,0,0,22 February ,3,0,3,0
0,0,0,23 February ,3,0,3,0
0,0,0,24 February ,3,0,3,0
0,0,0,25 February ,3,0,3,0
0,0,0,26 February ,3,0,3,0
0,0,0,27 February ,3,0,3,0
0,0,0,28 February ,3,0,3,0
0,0,0,29 February ,3,0,3,0
0,0,0,01 March ,3,0,3,0
2,0,0,02 March ,5,0,3,2
1,0,0,03 March ,6,0,3,3
22,0,0,04 March ,28,0,3,25
2,0,0,05 March ,30,0,3,27
1,0,0,06 March ,31,0,3,28
3,0,0,07 March ,34,0,3,31
5,0,0,08 March ,39,0,3,36
9,0,0,09 March ,48,0,3,45
15,0,1,10 March ,63,0,4,59
8,0,0,11 March ,71,0,4,67
10,1,0,12 March ,81,1,4,76
10,0,6,13 March ,91,1,10,80
11,1,0,14 March ,102,2,10,90
10,0,3,15 March ,112,2,13,97
14,0,1,16 March ,126,2,14,110
20,1,1,17 March ,146,3,15,128
25,0,0,18 March ,171,3,15,153
27,1,5,19 March ,198,4,20,174
58,0,3,20 March ,256,4,23,229
78,0,0,21 March ,334,4,23,307
69,3,0,22 March ,403,7,23,373
94,2,2,23 March ,497,9,25,463
74,1,15,24 March ,571,10,40,521
86,1,3,25 March ,657,11,43,603
73,5,7,26 March ,730,16,50,664
153,3,25,27 March ,883,19,75,789
136,5,10,28 March ,1019,24,85,910
120,3,17,29 March ,1139,27,102,1010
187,14,35,30 March ,1326,41,137,1148
309,6,13,31 March ,1635,47,150,1438
424,6,19,01 April ,2059,53,169,1837
486,16,22,02 April ,2545,69,191,2285
560,14,39,03 April ,3105,83,230,2792
579,13,56,04 April ,3684,96,286,3302
609,22,43,05 April ,4293,118,329,3846
484,16,65,06 April ,4777,134,394,4249
573,27,75,07 April ,5350,161,469,4720
565,20,96,08 April ,5915,181,565,5169
813,46,70,09 April ,6728,227,635,5866
871,22,151,10 April ,7599,249,786,6564
854,41,186,11 April ,8453,290,972,7191
758,42,114,12 April ,9211,332,1086,7793
1243,27,112,13 April ,10454,359,1198,8897
1031,37,167,14 April ,11485,396,1365,9724
886,27,144,15 April ,12371,423,1509,10439
1061,26,258,16 April ,13432,449,1767,11216
922,38,273,17 April ,14354,487,2040,11827
1371,35,426,18 April ,15725,522,2466,12737
1580,38,388,19 April ,17305,560,2854,13891
1239,33,419,20 April ,18544,593,3273,14678
1537,53,703,21 April ,20081,646,3976,15459
1292,36,394,22 April ,21373,682,4370,16321
1667,40,642,23 April ,23040,722,5012,17306
1408,59,484,24 April ,24448,781,5496,18171
1835,44,442,25 April ,26283,825,5938,19520
1607,56,585,26 April ,27890,881,6523,20486
1568,58,580,27 April ,29458,939,7103,21416
1902,69,636,28 April ,31360,1008,7739,22613
1705,71,690,29 April ,33065,1079,8429,23557
1801,75,630,30 April ,34866,1154,9059,24653
2396,77,962,01 May ,37262,1231,10021,26010
2564,92,831,02 May ,39826,1323,10852,27651
2952,140,911,03 May ,42778,1463,11763,29552
3656,103,1082,04 May ,46434,1566,12845,32023
2971,128,1295,05 May ,49405,1694,14140,33571
3602,91,1161,06 May ,53007,1785,15301,35921
3344,104,1475,07 May ,56351,1889,16776,37686
3339,97,1111,08 May ,59690,1986,17887,39817
3175,115,1414,09 May ,62865,2101,19301,41463
4311,112,1669,10 May ,67176,2213,20970,43993
3592,81,1579,11 May ,70768,2294,22549,45925
3562,120,1905,12 May ,74330,2414,24454,47462
3726,137,1963,13 May ,78056,2551,26417,49088
3991,97,1594,14 May ,82047,2648,28011,51388
3808,104,2234,15 May ,85855,2752,30245,52858
4794,120,4012,16 May ,90649,2872,34257,53520
5049,152,2538,17 May ,95698,3024,36795,55879
4628,131,2482,18 May ,100326,3155,39277,57894
6154,146,3032,19 May ,106480,3301,42309,60870
5720,134,3113,20 May ,112200,3435,45422,63343
6023,148,3131,21 May ,118223,3583,48553,66087
6536,142,3280,22 May ,124759,3725,51833,69201
6667,142,2576,23 May ,131424,3867,54409,73148
7111,156,3285,24 May ,138537,4023,57694,76820
6414,150,3012,25 May ,144951,4173,60706,80072
5907,173,3585,26 May ,150858,4346,64291,82221
7246,188,3434,27 May ,158104,4534,67725,85845
7254,176,3171,28 May ,165358,4710,70896,89752
8138,269,11735,29 May ,173496,4979,82631,85886
8364,205,4303,30 May ,181860,5184,86934,89742
8789,222,4928,31 May ,190649,5406,91862,93381
7723,201,3882,01 June ,198372,5607,95744,97021
8815,222,4531,02 June ,207187,5829,100275,101083
9689,259,3789,03 June ,216876,6088,104064,106724
9847,274,4390,04 June ,226723,6362,108454,111907
9472,286,4770,05 June ,236195,6648,113224,116323
10408,297,5433,06 June ,246603,6945,118657,121001
10882,261,5191,07 June ,257485,7206,123848,126431
8536,271,5171,08 June ,266021,7477,129019,129525
9981,272,5634,09 June ,276002,7749,134653,133600
11156,358,6275,10 June ,287158,8107,140928,138123
11135,394,6044,11 June ,298293,8501,146972,142820
11306,388,7263,12 June ,309599,8889,154235,146475
12039,309,8092,13 June ,321638,9198,162327,150113
11373,321,7364,14 June ,333011,9519,169691,153801
